pygame 2.4.0 (SDL 2.26.4, Python 3.8.10)
Hello from the pygame community. https://www.pygame.org/contribute.html
seed 2023
[{'ref': 'set_hover_ref', 'cntrl': 'PIDController_explore', 'time': 30.0, 'adaptive': False, 'policy_config': 'none', 'description': 'hover init'}]
Warning: No joystick found!
Initialized!
seed 0
********* TAKEOFF **********
*****hover init*****
0.01841176860204911
[[-0.82330966 -0.39710457 -0.08367934]
 [-0.90668305 -0.8426197  -0.02491454]
 [ 4.16858044  3.32166337 -6.8832051 ]]
0.8674135172350662
[[-5.13076844e-01 -6.10904095e-02 -1.29035571e-01]
 [-4.28543702e-04  6.33503070e-02 -1.01216002e-01]
 [-1.23832376e+00  4.17926630e+00 -6.62625599e+00]]
0.7018116911589626
[[-0.79585042 -0.22813643 -0.11171348]
 [-0.4380882   0.07648345 -0.09415254]
 [ 4.88183133  7.54498964 -7.37827516]]
0.7617671592601819
[[-0.13148896 -0.12592847 -0.21821176]
 [-0.11560966  0.19616977 -0.08266346]
 [-6.89503017  1.36914211 -7.3024036 ]]
0.5408726533143652
[[-0.29032732  0.31347569 -0.23157063]
 [ 0.01730524  0.19669539 -0.05992434]
 [ 0.92394623  3.51865551 -6.43854477]]
0.5204177458327289
[[ 0.30284195  0.39202335 -0.19743405]
 [-0.16716379  0.08548404 -0.05356091]
 [ 0.41612217  1.42659694 -5.90027915]]
0.8597072881042962
[[ 2.51136865e-01  1.42320454e-01 -1.41827704e-01]
 [-1.53784448e-01  5.82942186e-03 -5.18797128e-02]
 [-8.46320275e-01  3.55983989e+00 -6.12722517e+00]]
0.3647649195950006
[[ 0.17834642  0.14424191 -0.17477539]
 [-0.20767669  0.03128095 -0.05382815]
 [-2.40803349  3.65610092 -6.63744888]]
0.41301565076280167
[[ 0.17518793  0.11232463 -0.18935473]
 [-0.19374646 -0.02286617 -0.05258446]
 [-2.01340632  2.62140509 -6.08502911]]
0.4339829219447385
[[ 0.16920795  0.16265496 -0.21426587]
 [-0.17659783 -0.02201186 -0.04785973]
 [ 0.25508998  2.2749914  -5.62029173]]
0.28223137411878013
[[ 0.14419632  0.28448394 -0.23579999]
 [-0.13535117  0.05404079 -0.0635523 ]
 [-1.82387778  2.52260322 -5.42304875]]
0.2941747623424032
[[ 0.10386998  0.25416272 -0.23523944]
 [-0.12718352  0.04147689 -0.05552565]
 [-0.30224972  2.71440832 -5.66091334]]
0.21368768972612934
[[ 0.08873982  0.24484136 -0.24142602]
 [-0.14412986  0.02202185 -0.05131205]
 [-0.46989348  1.03959823 -5.58948228]]
0.3029355394701352
[[ 0.08918893  0.31010921 -0.23749939]
 [-0.10677535 -0.09618912 -0.05177711]
 [-1.03625724  2.39437186 -5.73861112]]
0.660941818115226
[[ 0.08253107  0.19569307 -0.26640802]
 [-0.1079406  -0.05113558 -0.06177963]
 [ 0.14241165  1.62482514 -4.31593062]]
0.6192823241041212
[[ 0.05869727  0.32724766 -0.35949851]
 [-0.0071701  -0.00856172 -0.06237472]
 [ 0.58485945  2.35373178 -4.95101743]]
0.5538769418844101
[[ 0.05174025  0.16660974 -0.41678692]
 [-0.02659526  0.07400258 -0.0744027 ]
 [-1.17553693  2.11048994 -4.41973779]]
0.6160460402692977
[[ 0.05564181  0.26574781 -0.38043252]
 [-0.02356989  0.08989051 -0.07046355]
 [-0.69854425  2.17667702 -4.52458116]]
0.5327964518482533
[[ 0.06490236  0.17938138 -0.34053327]
 [ 0.01967857  0.09044397 -0.05266356]
 [-0.19013309  0.44092095 -4.02168217]]
0.22081898086746718
[[ 0.06618422  0.17348472 -0.33227667]
 [ 0.0138657   0.09381953 -0.0457658 ]
 [-0.1939317   1.68829226 -3.7698649 ]]
0.5165889727445047
[[ 0.080205    0.0367369  -0.32047001]
 [-0.01404885  0.03664776 -0.02366119]
 [ 0.00474325  1.50976971 -4.5387576 ]]
0.5995866710579667
[[ 0.06992344  0.01203737 -0.27685516]
 [-0.00987959  0.03478567 -0.01146923]
 [-0.05798005  0.6507919  -3.34462357]]
0.15193292711993087
[[ 0.07285965 -0.03451585 -0.29776183]
 [ 0.05932275  0.15133383 -0.00415437]
 [ 0.28869171  1.27929049 -3.29930774]]
0.38429842721296287
[[ 0.07286303 -0.18802341 -0.27264839]
 [ 0.15611603 -0.06200512 -0.01888054]
 [-0.01861364  1.15964188 -2.56621741]]
0.4291682528173899
[[ 0.09022744 -0.18229778 -0.22096821]
 [ 0.0872122  -0.05771586 -0.0309481 ]
 [-0.23192458  0.79648001 -3.35801464]]
0.35039168049512626
[[ 0.08411829 -0.19467518 -0.13676978]
 [ 0.13882056 -0.07997632 -0.03956799]
 [ 0.28296613  0.55036425 -2.68586181]]
0.1293996486629375
[[ 0.07852984 -0.19528089 -0.15201446]
 [ 0.13802747 -0.07857382 -0.03302638]
 [-0.04117207  0.94010638 -2.43867217]]
0.16591526435734813
[[ 0.07325635 -0.19227352 -0.15862433]
 [ 0.12936939 -0.06639543 -0.0235221 ]
 [ 0.14414547  0.46683693 -2.78650215]]
********* LAND **********
User Emergency Stop!
Shutting down ROS!
