pygame 2.4.0 (SDL 2.26.4, Python 3.8.10)
Hello from the pygame community. https://www.pygame.org/contribute.html
seed 2023
[{'ref': 'set_hover_ref', 'cntrl': 'PIDController_explore', 'time': 30.0, 'adaptive': False, 'policy_config': 'none', 'description': 'hover init'}]
Warning: No joystick found!
Initialized!
seed 0
********* TAKEOFF **********
*****hover init*****
0.014453933004184742
[[ -1.7749924    1.079081    -0.62045069]
 [  0.09045504  -1.11312791   0.04914506]
 [ -7.12034473  -9.49665067 -14.66444005]]
1.4174135953115055
[[ -1.16755451   1.64965268  -0.47133732]
 [ -0.21859682   1.9383276   -0.12014056]
 [-20.04517331 -15.3208962  -18.92043621]]
2.117573679296871
[[ -1.19292261  -0.08443816  -0.47385841]
 [ -0.36396495   0.96419818  -0.16257002]
 [-17.39932991   6.93623228 -17.01990233]]
0.8959511161722022
[[ -1.07067605   0.3462773   -0.52480202]
 [ -0.20557405   0.88573019  -0.10730549]
 [-20.65037423   7.53657526 -17.97015295]]
1.8105363232007659
[[ -1.21359193   0.3257537   -0.48577661]
 [ -0.20143687   0.70640872  -0.06967355]
 [ -9.2389411   11.06691625 -15.53622518]]
0.7108627654534403
[[ -0.93917751   0.25036919  -0.39202289]
 [ -0.24689721   0.63650592  -0.07410401]
 [ -8.4037209    7.78339298 -14.10927372]]
1.4333823989951482
[[ -0.81460628  -0.39046897  -0.30254228]
 [ -0.19554963   0.35964054  -0.12598984]
 [ -8.45509703   8.7258126  -11.7248646 ]]
1.0161561641661936
[[ -0.87474256  -0.26612919  -0.34030952]
 [ -0.21567507   0.17287265  -0.14054895]
 [-10.50096445   4.96859153 -12.89032532]]
1.3175911241046012
[[ -0.89403849  -0.16610059  -0.36204716]
 [ -0.16836389   0.11635914  -0.13739009]
 [ -7.95204873   4.43044885 -12.09926025]]
0.7960286404084767
[[-8.73626660e-01  5.90675277e-03 -3.43140760e-01]
 [-1.06496599e-01  7.49893218e-02 -1.24832133e-01]
 [-4.14007815e+00  3.76169590e+00 -1.17888452e+01]]
0.8374010441104845
[[ -0.82646871   0.01680241  -0.37413684]
 [ -0.08531269   0.07320224  -0.13377189]
 [ -7.38812563   4.24983232 -11.0849298 ]]
0.579820608773146
[[-8.33220769e-01 -2.27372102e-02 -3.39499469e-01]
 [-8.09382289e-02  8.81935533e-03 -1.11130751e-01]
 [-5.78465189e+00  6.29280894e+00 -1.13450809e+01]]
0.7869283310779741
[[-0.78620741 -0.18479627 -0.2569339 ]
 [-0.06129253 -0.10641394 -0.05200966]
 [-2.24008507  2.28754896 -8.41871328]]
0.8548745756954201
[[-0.76257857 -0.24872035 -0.20607581]
 [-0.083921   -0.12466963 -0.0637465 ]
 [-1.78239298  2.81153075 -6.8853311 ]]
1.2174818937818341
[[-7.96593088e-01 -7.08451609e-01 -1.83370774e-01]
 [ 1.22324346e-03 -2.65712729e-01 -5.44413809e-02]
 [ 4.71655047e-01  1.09599931e+00 -1.81801018e+00]]
0.28934877236973794
[[-0.66710267 -0.86258287 -0.01626793]
 [-0.17524608 -0.21493515 -0.13341376]
 [-0.58635483  2.855981   -3.45028917]]
0.5002895323553296
[[-6.64046346e-01 -8.28441529e-01  9.22656438e-03]
 [-1.00776354e-01 -2.97309334e-01  3.95919588e-03]
 [-1.54023850e+00  4.45632296e+00 -5.44161657e+00]]
0.4768153992969206
[[-6.43442242e-01 -7.54485172e-01 -1.85241669e-02]
 [-1.19417370e-01 -2.30015262e-01 -5.90552852e-04]
 [-1.53810759e+00  2.52341581e+00 -6.14970496e+00]]
0.41605336991115055
[[-6.22153074e-01 -8.40356956e-01  9.18521184e-03]
 [-1.13817171e-01 -2.32485061e-01 -3.58627457e-03]
 [-1.04427803e+00  6.90752004e-01 -5.07799427e+00]]
0.43880308553544106
[[-0.64175258 -0.80884162 -0.02390419]
 [-0.12294824 -0.22218823 -0.03217949]
 [-1.07940988  1.99267851 -4.69562667]]
0.6358259018149823
[[-0.65203849 -0.82074955 -0.02501503]
 [-0.12752723 -0.27660598 -0.0110883 ]
 [-0.57108884  2.28060411 -6.24568072]]
0.6162574055628306
[[-0.71354966 -0.70301569 -0.01654934]
 [-0.16505081 -0.1725882  -0.05214565]
 [-0.29486714  1.22670604 -4.51932166]]
0.21613986375773184
[[-0.75014143 -0.60604925  0.00648133]
 [-0.19313125 -0.05245545 -0.04492718]
 [-0.64508982  2.30738381 -5.0152967 ]]
0.502008916067021
[[-0.73660536 -0.55759369 -0.06635431]
 [-0.12541051 -0.11314006 -0.06531534]
 [-1.44642518  1.76011613 -3.96493222]]
0.4109359711275435
[[-0.7384808  -0.52552816 -0.02953471]
 [-0.16606992 -0.09501337 -0.06777101]
 [-1.090721    1.27985694 -3.91673281]]
0.293391723945759
[[-0.75255777 -0.53569633  0.01883186]
 [-0.10232476 -0.14475123 -0.07895939]
 [-0.11201308  0.2748295  -4.24029357]]
0.30567026369224737
[[-0.76074184 -0.45608415  0.03302511]
 [-0.13408189 -0.13281424 -0.04219931]
 [-0.88596059  1.25530991 -3.33308591]]
0.3175810157816601
[[-0.75593888 -0.43274168  0.02017341]
 [-0.13191425 -0.13059277 -0.02551576]
 [-0.02929715  0.38470432 -4.18139619]]
********* LAND **********
User Emergency Stop!
Shutting down ROS!
